(34356)40000
(34356)40005
(34356)40016
(34356)40019
(34356)40039
(34356)41132
(34356)41170
(34356)41178
(34356)41202
(34356)41030
(34356)41266
(34356)41469
(34356)41490
(34356)41645
(34356)41684
(34356)41746
(34356)41552
(34356)41582
(34356)41908
(34356)41795
(34356)41860
(34356)41240
(34356)41374
(34356)41723
(34356)41728
(34356)41159
(34356)41864
(34356)41293
(34356)41220
(34356)41320
(34356)41691
(34356)41902
(34356)41389
(34356)41326
(34356)41651
(34356)41564
(34356)41537
(34356)41880
(34356)41780
(34356)41798
(34356)41031
(34356)41063
(34356)41224
(34356)40059
(34356)40077
(34356)41305
(34356)41907
(34356)41443
(34356)41342
(34356)41414
(34356)41384
(34356)41666
(34356)41165
(34356)41597
(34356)41039
(34356)41052
(34356)41588
(34356)41392
(34356)41331
(34356)41081
(34356)41136
(34356)41356
(34356)41966
(34356)41921
(34356)41161
(34356)41478
(34356)41553
(34356)41900
(34356)41724
(34356)41333
(34356)41036
(34356)41657
(34356)41694
(34356)41385
(34356)41077
(34356)41194
(34356)41507
(34356)41603
(34356)41740
(34356)41958
(34356)40075
(34356)41324
(34356)41345
(34356)41858
(34356)40110
(34356)41576
(34356)41023
(34356)41271
(34356)41164
(34356)41971
(34356)41628
(34356)41200
(34356)41175
(34356)41350
(34356)41231
(34356)41303
(34356)41617
(34356)41021
(34356)41761
(34356)41867
(34356)40006
(34356)41325
(34356)41826
(34356)41931
(34356)41201
(34356)41318
(34356)41334
(34356)41646
(34356)41070
(34356)41072
(34356)41347
(34356)41363
(34356)41366
(34356)41410
(34356)41498
(34356)41538
(34356)41566
(34356)41568
(34356)41959
(34356)40064
(34356)41078
(34356)41085
(34356)41810
(34356)41189
(34356)41139
(34356)40035
(34356)41454
(34356)41762
(34356)41480
(34356)41587
(34356)41614
(34356)41625
(34356)41837
(34356)41191
(34356)41901
(34356)41239
(34356)41979
(34356)41367
(34356)41599
(34356)41598
(34356)40066
(34356)41127
(34356)41669
(34356)41212
(34356)41000
(34356)41495
(34356)41028
(34356)41511
